volume=130.000000
sub-pos=102.000000
audio-channels=auto-safe
