volume=136.000000
audio-channels=auto-safe
sub-pos=97.000000
