audio-channels=auto-safe
volume=128.926453
sub-pos=97.000000
